[ 1942508.136404] 0003 0035 00000258
[ 1942508.136404] 0003 0036 0000091d
[ 1942508.136404] 0003 003a 000000e2
[ 1942508.136404] 0003 0039 00000000
[ 1942508.136404] 0003 0030 000000dc
[ 1942508.136404] 0003 0031 00000058
[ 1942508.136404] 0003 0034 0000005a
[ 1942508.136404] 0003 0038 00000000
[ 1942508.136404] 0000 0002 00000000
[ 1942508.136404] 0001 014a 00000001
[ 1942508.136404] 0000 0000 00000000
[ 1942508.146194] 0003 0035 00000258
[ 1942508.146194] 0003 0036 0000091d
[ 1942508.146194] 0003 003a 000000fe
[ 1942508.146194] 0003 0039 00000000
[ 1942508.146194] 0003 0030 000000ea
[ 1942508.146194] 0003 0031 00000058
[ 1942508.146194] 0003 0034 0000005a
[ 1942508.146194] 0003 0038 00000000
[ 1942508.146194] 0000 0002 00000000
